flagcpryiwaadcteafudklsumnryqyyfnteyzxcoskwvrxwtvg


perfektakodo

abcdefghijkl

PFTIIPZHSXNZ

Hesefdtee to i cent

Hesitate to i can't


Ybpkijfbf kl f ihtf ltwkhg hk kffixx.



Spectral Code



Spectral




1 232 92 231 59 226 115 31 51 68 53 51 147 218 52 234 17 234 54 144 241 13 49 149 155 247 168 88 22 177 20 238 205 3 86 155 182 240 18 211 121 35 215 3 123 110 108 157 109 229 21 9 166 254 119 238 173 44 142 121 3 86 155 95 42 227 107 102 67 35 193 187 118 112 207 87 254 87 113 131 54 71 243 7 180 100 84 108 100 25 199 5 103 15 170 114 159 203 136 132 155 43 83 66 237 217 2 159 126 60 27 101 181 69 142 45 199 242 180 99 111 158 219 6 174 230 91 127 4 61 151 158 180 100 84 135 222 232 223 81 56 85 63 57 246 92 119 237 196 252 158 143 105 150 131 173 183 226 102 141 240 199 63 82 233



165ÀÇ ¾à¼ö 1, 3, 5, 11, 15 ,33 ,55 ,165


mississippi seizes multiple explosive mosquitoes
